Loading Google stock data...
Setting up Regime switching hidden Markov model...
Using 2 concatenated flows each w/ hidden layers=[9, 9, 9]
Running 4 chains of NUTS for 1000 iter w/ 1000 warmup (tuning) iter...

                mean       std    median      5.0%     95.0%     n_eff     r_hat
  alpha[0]      0.06      0.08      0.06     -0.07      0.20   6934.50      1.00
  alpha[1]      0.01      0.10      0.01     -0.16      0.17   5857.99      1.00
      p[0]      2.72      0.41      2.69      2.07      3.37   3695.16      1.00
      p[1]      1.84      0.88      1.76      0.42      3.19   4213.93      1.00
       rho     -0.02      0.10     -0.01     -0.18      0.15   4557.91      1.00
  sigma[0]      1.04      0.05      1.04      0.97      1.11   4908.43      1.00
  sigma[1]      2.16      0.18      2.15      1.87      2.44   4094.90      1.00
      xi_0      0.51      1.06      0.46     -1.19      2.18   4273.00      1.00
       y_0     -0.01      1.00     -0.01     -1.62      1.71   5185.59      1.00

Runtime for NUTS 0 days 00:00:23.510288
Running 4 chains of NeuTra for 1000 iter w/ 1000 precond iter and 1000 warmup (tuning) iter...
[7901585.50813773 7637236.18981791 7389571.57558016 7154836.72524624
 6945856.13889646 6756170.72050844 6580200.67930316 6414192.12285111
 6257754.25691612 6107619.00357766 5970692.41122364 5843081.9796352
 5726713.74702376 5613943.32148496 5507295.77245993 5411198.65256509
 5319333.68626727 5236363.25408526 5158204.07959515 5083780.57905714
 5011665.11927708 4941703.48765623 4878539.47331219 4815404.59462356
 4757988.19809305 4694839.39993841 4638211.00565621 4583557.81131089
 4527218.68041251 4481016.68369521 4430117.22014123 4380605.32764068
 4335452.02732131 4295135.93098708 4249689.92416142 4199312.9403181
 4151082.66730139 4107051.99539928 4068874.75117996 4028966.07609276
 3987517.83572398 3950811.90104565 3912144.35697145 3874822.68545839
 3840189.01358093 3804382.61850345 3766796.09165021 3726281.4826057
 3688877.32761473 3651049.57117521 3618039.25076564 3582569.36191318
 3545411.37400861 3509664.85837862 3475968.90064534 3441857.60515083
 3407753.57001693 3378868.50393422 3341381.08518446 3306346.50193946
 3269553.84014645 3230912.13158571 3194547.6084572  3159074.36373283
 3122240.84102054 3083452.28949216 3047249.10534916 3013716.94832784
 2977012.79319171 2942990.83452383 2909612.11414424 2876697.30279323
 2842370.85623767 2808926.82670829 2772240.15263888 2735986.13925541
 2700998.17401238 2667845.89573625 2629502.44028028 2593820.73339312
 2559166.37772602 2526052.87378427 2492887.76135138 2458039.53299746
 2422221.61704242 2382859.22414365 2347712.57635594 2312051.5595166
 2277752.71645141 2242419.67669986 2207031.86596954 2170101.65817597
 2130700.78750199 2097199.92857644 2064482.49706184 2028845.87843857
 1995180.39171553 1957614.49643504 1924597.48080163 1890886.63090263
 1854967.76105278 1819056.95873965 1783182.76332731 1749866.13508135
 1716097.31317088 1681741.70308494 1649109.25810887 1614387.17854533
 1583156.86058062 1553230.9479601  1523249.90501745 1491854.66032628
 1461971.54070575 1433330.23342387 1406491.26648533 1376517.6125862
 1346404.58333688 1316341.93592151 1287644.87236242 1260334.55297195
 1234295.99349614 1207580.34873783 1179805.31021659 1155365.98295377
 1129434.12148851 1104268.87494089 1080602.7032858  1056714.00539611
 1033869.72400693 1009821.24150338  986457.90759599  963868.62816622
  941503.16624687  919514.9322499   897950.8710359   876234.62299354
  856099.55697152  836522.47528836  816286.92201664  797286.36302276
  779627.06264299  760447.47252674  741772.6449729   724647.7501967
  707469.52402253  690155.05232081  673588.82677156  657514.2273167
  641939.01065845  626551.32427528  612069.59888752  597765.0967838
  584214.12785394  570780.48688449  557298.7413691   543288.3021371
  531778.99486326  519429.2997848   507532.17676885  495998.08079852
  484861.57294635  474349.35680347  463670.62960127  453286.88985689
  443314.45732793  433870.97732758  425020.7202692   415858.16120746
  406893.10786288  398785.60015106  390243.26809257  381901.28900335
  373737.48838652  365788.29357227  358104.07448977  350705.63415037
  343510.27069355  336466.799702    329606.74554536  322957.24257352
  316527.54139137  310316.48530344  304307.29768387  298475.28534823
  292801.60397552  287261.54747657  281841.09382999  276552.59464089
  271426.74897758  266507.595728    261811.12678754  257252.15422885
  252756.85600856  248361.33788747  244116.74643676  240032.79545927
  236082.60937594  232235.27328264  228478.54943203  224825.77816868
  221306.8380758   217941.85225723  214693.80323458  211448.35674399
  208177.64007278  204946.8855561   201807.19569319  198769.08111509
  195817.42255428  192944.28002532  190135.89643903  187376.32890678
  184665.93408442  182007.84364509  179410.13570529  176889.74731756
  174461.49179944  172135.00370911  169932.97875728  167889.5379996
  165911.23705145  163861.32584741  161768.20110539  159681.78729899
  157623.02353006  155603.24288593  153636.07705656  151741.09600075
  149937.98455885  148227.73838659  146582.79258967  144970.23711339
  143371.48985105  141781.42859029  140204.74590258  138651.1722758
  137131.02185106  135653.60673673  134227.0928998   132857.72483831
  131548.73424243  130301.16832854  129115.80764053  127990.4111894
  126912.26932185  125859.00806866  124812.99510609  123771.71983664
  122744.63236252  121745.4478837   120784.67632575  119862.63482722
  118969.95581703  118098.77348134  117250.55909254  116433.35968287
  115656.98065982  114930.88641801  114262.54853491  113653.38628479
  113093.55471346  112563.77038498  112048.60655992  111547.53728782
  111071.0114006   110626.65056378  110209.12597763  109804.74090898
  109400.90405138  108989.30708703  108566.62916267  108133.92601204
  107695.83296434  107259.96603436  106834.63664272  106424.88138037
  106030.09710925  105646.70047108  105273.18066099  104911.78662479
  104566.91219254  104243.17258697  103943.06678645  103663.31987422
  103393.11327202  103119.09396643  102833.3098001   102535.44898567
  102229.76405623  101921.81973265  101616.92888334  101319.71769797
  101034.09251717  100763.23917856  100509.51826807  100274.23302989
  100057.38673036   99857.76473753   99673.70457133   99504.41738607
   99351.11783103   99217.28338623   99107.78005509   99026.85179836
   98975.76220402   98951.74885738   98948.34625223   98955.29157686
   98959.68162614   98950.94923041   98925.04712239   98883.6157403
   98830.94879082   98771.90984207   98711.19013757   98653.43266719
   98603.6364711    98566.9391983    98547.07836321   98544.44192908
   98556.26160141   98579.3899524    98611.70166603   98649.83088047
   98687.35214513   98717.13684153   98735.12930253   98741.61688565
   98740.21894216   98736.44145606   98736.56842482   98746.88306574
   98772.79056459   98817.12618789   98878.00197084   98948.81834983
   99022.04072323   99092.5346367    99156.09820068   99207.61396616
   99243.86499563   99266.00418766   99277.02472095   99277.98296899
   99267.14793794   99242.92338552   99208.57500044   99174.16734146
   99153.80879967   99160.60994653   99201.74896387   99275.28287716
   99370.55157487   99472.42502504   99566.7640628    99643.86489971
   99698.94344156   99731.47496022   99745.39541772   99750.14805202
   99761.29542745   99797.94000882   99870.94697526   99964.42945158
  100040.73164009  100075.39393147  100070.76273716  100040.09466442
   99993.75340735   99936.30308735   99868.96461409   99792.41664409
   99707.72883997   99616.40345008   99521.17704922   99426.72276288
   99338.57264955   99260.64148117   99192.84305152   99129.72026132
   99060.95875622   98975.29455482   98866.66676892   98736.91531651
   98592.39562004   98438.59806152   98277.59222146   98109.58960304
   97935.95534233   97760.38733698   97588.0195467    97423.96908684
   97272.17989046   97134.6710651    97011.3087008    96900.54549501
   96801.6826162    96718.39605262   96659.09747085   96622.01172881
   96572.94090217   96469.8182924    96306.65066852   96102.45470358
   95875.48294413   95636.20158088   95389.09496446   95135.1952451
   94873.95777023   94604.6246749    94327.14635102   94042.67421007
   93753.7259316    93464.14535684   93178.79790929   92902.59450299
   92638.30876124   92383.7064926    92130.784286     91869.52633817
   91593.28171447   91300.77355909   90994.5566281    90678.78269095
   90357.82676213   90035.77051086   89716.27825756   89402.3052823
   89095.09345622   88792.61341312   88489.19457443   88178.06307056
   87854.99393005   87519.58031502   87173.92446212   86820.91201264
   86463.25928712   86103.25838307   85742.85517954   85383.82110058
   85027.88660693   84676.72188964   84331.6479352    83993.08078671
   83660.05221403   83330.41490504   83001.8774683    82673.04173945
   82343.53446883   82013.38738094   81682.5425894    81350.98398707
   81019.22431475   80688.60152397   80361.16046095   80039.28663611
   79725.38811913   79421.90778295   79131.90669695   78860.14661686
   78613.26719669   78394.97863936   78194.40064097   77983.18076105
   77736.78836482   77451.66584578   77137.53955816   76805.23606582
   76462.35427336   76113.50936038   75761.4372176    75407.84109491
   75053.91477031   74700.66401443   74349.11895069   74000.46938528
   73656.08458179   73317.30320532   72984.87335075   72658.16455556
   72334.77674076   72011.27083816   71684.74576466   71353.97529502
   71019.39069873   70682.41993856   70344.95392541   70009.25761864
   69678.30070264   69356.34383998   69049.29099898   68763.41986032
   68500.62135257   68252.4773827    68002.64757654   67738.34316331
   67456.21699226   67158.81922051   66850.13325685   66533.73912395
   66212.44181168   65888.30725823   65562.7909077    65236.88505709
   64911.25387667   64586.34193349   64262.45550696   63939.82379724
   63618.65103829   63299.17418775   62981.74770077   62666.98956331
   62356.04002482   62050.98577329   61755.39849512   61474.48916136
   61213.40386766   60972.12089834   60740.42432773   60502.26021954
   60247.49637591   59976.10374677   59693.13215621   59403.70603652
   59111.35541198   58818.15444129   58525.23673086   58233.20305652
   57942.36918949   57652.90218855   57364.892346     57078.39071927
   56793.42882808   56510.02917836   56228.21101718   55947.99354586
   55669.39774101   55392.44741622   55117.16991402   54843.59670042
   54571.76406688   54301.71408595   54033.49589635   53767.16729718
   53502.79650169   53240.46373147   52980.26212179   52722.29716762
   52466.68370689   52213.53929765   51962.97295364   51715.06876964
   51469.86519527   51227.33262432   50987.35416016   50749.71593722
   50514.1129327    50280.17293411   50047.49579634   49815.69958356
   49584.46250578   49353.55124141   49122.8313131    48892.26094334
   48661.87371948   48431.75647653   48202.02766107   47972.81933987
   47744.26402764   47516.48614811   47289.5972621    47063.69401693
   46838.85787336   46615.15587824   46392.64197242   46171.35850838
   45951.33778668   45732.60351079   45515.17211463   45299.05394748
   45084.2543163    44870.77439177   44658.61198612   44447.76221187
   44238.21803055   44029.97070208   43823.01014672   43617.32523333
   43412.90400895   43209.73388514   43007.80179575   42807.09433878
   42607.59791196   42409.29884771   42212.18354941   42016.23862688
   41821.45102644   41627.808149     41435.29794941   41243.90901116
   41053.63059279   40864.45264455   40676.36579738   40489.361328
   40303.43110659   40118.56753379   39934.76347408   39752.01219138
   39570.30729116   39389.6426711    39210.01248059   39031.41108735
   38853.83304848   38677.27308293   38501.72604245   38327.18687903
   38153.65060824   37981.11226889   37809.56688082   37639.00940348
   37469.43469814   37300.83749662   37133.21237862   36966.55375901
   36800.85588516   36636.11284353   36472.31857379   36309.46688825
   36147.55149419   35986.56601691   35826.50402174   35667.35903374
   35509.12455488   35351.79407853   35195.36110214   35039.81913869
   34885.16172795   34731.38244808   34578.47492815   34426.43286141
   34275.25001907   34124.92026401   33975.43756358   33826.79600068
   33678.98978252   33532.01324637   33385.86086217   33240.52723208
   33096.0070871    32952.29528141   32809.38678502   32667.27667539
   32525.96012856   32385.43241054   32245.68886904   32106.72492599
   31968.53607071   31831.11785381   31694.46588144   31558.57581
   31423.44334077   31289.06421462   31155.43420663   31022.54912071
   30890.40478431   30758.99704357   30628.32175892   30498.37480162
   30369.15205117   30240.64939391   30112.86272262   29985.78793717
   29859.42094599   29733.75766812   29608.79403554   29484.52599564
   29360.94951345   29238.06057369   29115.85518233   28994.32936794
   28873.47918266   28753.30070302   28633.79003074   28514.94329353
   28396.75664593   28279.22627033   28162.34837792   28046.11920967
   27930.53503709   27815.59216272   27701.28692028   27587.61567437
   27474.57481981   27362.16078052   27250.37000828   27139.19898113
   27028.64420188   26918.70219659   26809.36951317   26700.64272016
   26592.51840568   26484.99317657   26378.06365749   26271.72649028
   26165.97833316   26060.81586      25956.23575955   25852.23473467
   25748.80950157   25645.95678913   25543.67333835   25441.95590187
   25340.80124373   25240.20613923   25140.16737494   25040.68174887
   24941.74607068   24843.35716191   24745.51185627   24648.20699987
   24551.4394514    24455.20608234   24359.50377704   24264.32943284
   24169.67996014   24075.5522825    23981.94333672   23888.85007291
   23796.26945463   23704.19845899   23612.6340767    23521.57331216
   23431.01318352   23340.95072262   23251.38297503   23162.30699988
   23073.71986983   22985.61867091   22898.00050235   22810.86247651
   22724.20171865   22638.0153669    22552.30057212   22467.05449781
   22382.27432009   22297.95722762   22214.10042161   22130.70111575
   22047.75653621   21965.26392162   21883.22052307   21801.62360403
   21720.47044041   21639.75832051   21559.48454507   21479.64642727
   21400.24129278   21321.26647983   21242.71933925   21164.59723458
   21086.89754212   21009.61765102   20932.75496332   20856.30689404
   20780.27087119   20704.64433583   20629.42474211   20554.60955727
   20480.1962617    20406.18234893   20332.56532571   20259.34271197
   20186.51204091   20114.07085901   20042.01672602   19970.347215
   19899.05991232   19828.15241766   19757.62234398   19687.46731756
   19617.68497794   19548.27297791   19479.22898355   19410.55067413
   19342.2357422    19274.28189351   19206.68684703   19139.44833495
   19072.56410268   19006.0319088    18939.84952509   18874.01473648
   18808.52534107   18743.37915008   18678.57398786   18614.10769184
   18549.97811254   18486.18311354   18422.72057146   18359.58837594
   18296.78442964   18234.30664819   18172.15296019   18110.32130715
   18048.8096435    17987.61593652   17926.73816634   17866.17432588
   17805.92242082   17745.98046956   17686.34650318   17627.01856541
   17567.99471257   17509.27301351   17450.85154963   17392.72841476
   17334.90171515   17277.36956942   17220.13010849   17163.18147556
   17106.52182601   17050.14932739   16994.06215935   16938.25851357
   16882.73659372   16827.4946154    16772.53080607   16717.84340503
   16663.43066331   16609.29084366   16555.42222046   16501.82307966
   16448.49171874   16395.42644664   16342.62558368   16290.08746152
   16237.81042309   16185.79282251   16134.03302507   16082.52940712
   16031.28035601   15980.28427008   15929.53955852   15879.04464135
   15828.79794935   15778.79792397   15729.0430173    15679.53169197
   15630.26242112   15581.23368827   15532.44398732   15483.89182245
   15435.57570807   15387.49416871   15339.64573901   15292.02896362
   15244.64239714   15197.48460404   15150.55415862   15103.84964492
   15057.36965666   15011.11279717   14965.07767933   14919.2629255
   14873.66716746   14828.28904632   14783.12721248   14738.18032555
   14693.44705431   14648.92607659   14604.61607928   14560.51575819
   14516.62381803   14472.93897234   14429.45994343   14386.18546229
   14343.11426855   14300.24511041   14257.57674459   14215.10793625
   14172.83745891   14130.76409446   14088.886633     14047.20387287
   14005.71462053   13964.41769051   13923.31190539   13882.39609567
   13841.66909977   13801.12976397   13760.77694228   13720.60949649
   13680.62629603   13640.82621794   13601.20814682   13561.77097476
   13522.5136013    13483.43493335   13444.53388518   13405.8093783
   13367.26034146   13328.88571059   13290.68442871   13252.65544592
   13214.79771932   13177.11021297   13139.59189783   13102.24175172
   13065.05875927   13028.04191186   12991.19020756   12954.50265111
   12917.97825385   12881.61603368   12845.41501499   12809.37422866
   12773.49271197   12737.76950855   12702.20366836   12666.79424766
   12631.5403089    12596.44092072   12561.49515792   12526.70210137
   12492.060838     12457.57046074   12423.23006848   12389.03876604
   12354.9956641    12321.0998792    12287.35053364   12253.7467555
   12220.28767855   12186.97244224   12153.80019165   12120.77007744
   12087.88125584   12055.13288856   12022.52414281   11990.05419123
   11957.72221183   11925.52738801   11893.46890847   11861.5459672
   11829.75776344   11798.10350163   11766.5823914    11735.1936475
   11703.9364898    11672.81014322   11641.81383773   11610.94680828
   11580.2082948    11549.59754215   11519.11380007   11488.75632319
   11458.52437094   11428.41720757   11398.4341021    11368.57432825
   11338.83716449   11309.22189391   11279.72780427   11250.35418794
   11221.10034184   11191.96556747   11162.94917081   11134.05046236
   11105.26875706   11076.60337426   11048.05363775   11019.61887566
   10991.29842045   10963.09160892   10934.99778213   10907.01628541
   10879.14646831   10851.38768459   10823.73929216   10796.20065309
   10768.77113357   10741.45010389   10714.23693838   10687.13101543
   10660.13171743   10633.23843077   10606.45054579   10579.76745677
   10553.18856191   10526.71326326   10500.34096678   10474.07108224
   10447.90302321   10421.83620707   10395.87005496   10370.00399173
   10344.23744599   10318.56985001   10293.00063974   10267.52925476]

                mean       std    median      5.0%     95.0%     n_eff     r_hat
  alpha[0]     -0.03      0.98     -0.03     -1.66      1.62   7432.16      1.00
  alpha[1]     -0.02      0.93     -0.05     -1.54      1.45   6164.18      1.00
      p[0]     -0.07      1.24     -0.18     -2.09      1.87   5118.36      1.00
      p[1]     -0.00      0.58     -0.00     -0.91      0.97   5519.00      1.00
       rho      0.23      0.51      0.26     -0.59      1.08   6372.13      1.00
  sigma[0]      0.05      1.08     -0.07     -1.71      1.70   4583.13      1.00
  sigma[1]      0.06      1.19     -0.00     -1.94      1.86   5077.75      1.00
      xi_0     -0.03      1.05     -0.02     -1.72      1.64   7043.04      1.00
       y_0     -0.03      1.00     -0.02     -1.69      1.56   6480.17      1.00


                mean       std    median      5.0%     95.0%     n_eff     r_hat
  alpha[0]      0.06      0.08      0.06     -0.08      0.19   7127.81      1.00
  alpha[1]      0.01      0.10      0.01     -0.15      0.17   7100.00      1.00
      p[0]      2.71      0.39      2.69      2.07      3.31   4972.15      1.00
      p[1]      1.83      0.89      1.73      0.37      3.19   4585.65      1.00
       rho     -0.02      0.10     -0.01     -0.18      0.16   6403.62      1.00
  sigma[0]      1.04      0.04      1.04      0.97      1.12   5218.54      1.00
  sigma[1]      2.16      0.18      2.14      1.85      2.43   5044.72      1.00
      xi_0      0.50      1.00      0.48     -1.18      2.04   6190.62      1.00
       y_0      0.00      1.01      0.01     -1.68      1.70   7431.64      1.00

Runtime for NeuTra 0 days 00:01:05.706879
Running 4 chains of ATESS for 1000 iter w/ 1000 precond iter, 5 warmup iter of 10000 each...
transforms: [('batch', {'batch_dims': (1,)})]
[[1.29873082e+05 6.64242840e+05 5.30228728e+04 1.66470059e+04]
 [6.84633001e+04 2.71275911e+05 3.59571614e+04 1.34366099e+04]
 [4.00317620e+04 1.33050033e+05 2.56898637e+04 1.12585976e+04]
 ...
 [4.44585577e+01 7.89633719e+01 2.41204900e+01 9.53914468e+00]
 [4.43409560e+01 7.97020843e+01 2.40665347e+01 9.51407320e+00]
 [4.42256874e+01 7.82893034e+01 2.40158875e+01 9.48912840e+00]]
transforms: [('batch', {'batch_dims': (0,)})]
[8.143  7.9921 8.546  7.9644]
transforms: [('batch', {'batch_dims': (1,)})]
[[1.47853698e+06 7.23059057e+05 1.67066240e+06 6.32000334e+05]
 [1.35295486e+06 6.55641439e+05 1.35717928e+06 5.88347522e+05]
 [1.23732484e+06 5.96143014e+05 1.11811307e+06 5.47851325e+05]
 ...
 [1.74061196e+03 1.23314860e+03 1.53905402e+03 4.38164793e+03]
 [1.73740126e+03 1.23158584e+03 1.53838869e+03 3.33912651e+03]
 [1.73419746e+03 1.23002696e+03 1.53772866e+03 1.13229823e+03]]
transforms: [('batch', {'batch_dims': (0,)})]
[2.5354 2.6846 2.5757 2.1896]
transforms: [('batch', {'batch_dims': (1,)})]
[[1.41975125e+05 1.46504982e+05 8.47150230e+05 9.09161433e+04]
 [1.08068311e+05 9.76374805e+04 7.45595139e+05 1.16931044e+05]
 [1.27875715e+05 8.64165736e+04 6.67087798e+05 4.81260042e+04]
 ...
 [2.06301712e+02 1.81402519e+02 9.25949315e+02 8.10197863e+02]
 [1.90986892e+02 1.81325879e+02 9.29133263e+02 1.21162307e+03]
 [1.94509182e+02 1.81248994e+02 9.36791122e+02 9.69882237e+02]]
transforms: [('batch', {'batch_dims': (0,)})]
[1.8213 1.7471 1.7661 1.785 ]
transforms: [('batch', {'batch_dims': (1,)})]
[[4.82685711e+04 8.80217161e+04 7.51974206e+04 7.45890782e+04]
 [1.90386446e+05 1.05146562e+05 1.37593517e+05 9.64510851e+04]
 [4.32253964e+04 5.61102064e+04 4.82907786e+04 7.57170950e+04]
 ...
 [9.11856321e+02 1.30345290e+02 2.16012157e+02 2.06357036e+02]
 [8.84806153e+02 1.30259785e+02 2.22446618e+02 2.13194288e+02]
 [8.21067699e+02 1.30174306e+02 2.16301883e+02 1.68901896e+02]]
transforms: [('batch', {'batch_dims': (0,)})]
[1.5811 1.5879 1.556  1.6428]
transforms: [('batch', {'batch_dims': (1,)})]
[[5.38450549e+04 3.09827551e+04 8.56825209e+04 5.18875615e+04]
 [1.85903958e+05 3.01806794e+04 2.25472061e+05 2.01412999e+05]
 [5.20456656e+04 3.07213217e+04 8.00084414e+04 4.05526828e+04]
 ...
 [1.60995760e+02 1.60445842e+02 1.67707154e+02 3.92094629e+03]
 [1.55529576e+02 1.62049137e+02 1.74902033e+02 7.37209075e+03]
 [1.64406658e+02 1.61831013e+02 1.80557869e+02 8.23667784e+03]]
transforms: [('batch', {'batch_dims': (0,)})]
[7.22   1.597  1.9623 1.499 ]
transforms: [('batch', {'batch_dims': (1,)})]
[[1.76855595e+08 7.84471736e+04 4.42371069e+05 7.61533688e+04]
 [1.62350379e+08 1.22161124e+05 3.27235413e+05 2.28413233e+05]
 [1.49027371e+08 6.29713128e+04 3.13068824e+05 3.24413714e+04]
 ...
 [1.17758928e+05 3.17740024e+02 6.84286373e+03 8.29433579e+04]
 [1.17599150e+05 3.67082668e+02 9.68106378e+03 1.03236571e+05]
 [1.17439646e+05 4.15135968e+02 1.37145446e+04 9.75091256e+04]]

                mean       std    median      5.0%     95.0%     n_eff     r_hat
  alpha[0]      0.06      0.09      0.06     -0.08      0.19   1815.46      1.00
  alpha[1]      0.00      0.12      0.00     -0.16      0.18    479.85      1.01
      p[0]      2.69      0.47      2.65      1.99      3.33    248.44      1.02
      p[1]      1.80      0.87      1.76      0.44      3.21   1482.61      1.00
       rho     -0.02      0.11     -0.01     -0.20      0.15    674.65      1.00
  sigma[0]      1.05      0.26      1.04      0.97      1.12   3706.28      1.00
  sigma[1]      2.15      0.27      2.12      1.84      2.45    176.58      1.02
      xi_0      0.45      0.98      0.39     -1.10      2.06   1465.08      1.00
       y_0     -0.01      1.06     -0.03     -1.75      1.71   1157.81      1.00

Runtime for ATESS 0 days 00:16:30.133613
Loading Google stock data...
Setting up Regime switching hidden Markov model...
Using 2 concatenated flows each w/ hidden layers=[9, 9, 9]
Running 4 chains of ATESS for 1000 iter w/ 1000 precond iter, 3 warmup iter of 10000 each...
transforms: [('batch', {'batch_dims': (1,)})]
[[1.29873082e+05 6.64242840e+05 5.30228728e+04 1.66470059e+04]
 [6.84633001e+04 2.71275911e+05 3.59571614e+04 1.34366099e+04]
 [4.00317620e+04 1.33050033e+05 2.56898637e+04 1.12585976e+04]
 ...
 [4.44585577e+01 7.89633719e+01 2.41204900e+01 9.53914468e+00]
 [4.43409560e+01 7.97020843e+01 2.40665347e+01 9.51407320e+00]
 [4.42256874e+01 7.82893034e+01 2.40158875e+01 9.48912840e+00]]
transforms: [('batch', {'batch_dims': (0,)})]
[8.2061 7.9083 8.3942 7.9457]
transforms: [('batch', {'batch_dims': (1,)})]
[[1.51331361e+06 7.51285873e+05 1.62325689e+06 6.07003069e+05]
 [1.38515183e+06 6.79365523e+05 1.31541142e+06 5.64489547e+05]
 [1.26749765e+06 6.16008484e+05 1.08264141e+06 5.25178503e+05]
 ...
 [2.56157230e+03 1.05409386e+03 1.52222752e+03 1.14028556e+03]
 [2.55531147e+03 1.05228959e+03 1.52100002e+03 1.13917161e+03]
 [2.54906885e+03 1.05048840e+03 1.51977613e+03 1.13822137e+03]]
transforms: [('batch', {'batch_dims': (0,)})]
[2.9161 2.7077 2.7298 2.2643]
transforms: [('batch', {'batch_dims': (1,)})]
[[1.82462781e+05 3.06145511e+05 1.49863509e+05 4.31560172e+05]
 [1.42919194e+05 2.75535153e+05 9.68998664e+04 3.98487451e+05]
 [1.49697713e+05 2.50073255e+05 8.01895378e+04 3.55072195e+05]
 ...
 [2.93066243e+02 4.31232586e+02 2.29841844e+03 8.28484055e+02]
 [2.89727946e+02 4.30845901e+02 1.70253395e+03 8.10895849e+02]
 [2.95198147e+02 4.30451721e+02 4.22791923e+03 8.39541991e+02]]
transforms: [('batch', {'batch_dims': (0,)})]
[1.6918 1.6991 1.7091 1.6799]
transforms: [('batch', {'batch_dims': (1,)})]
[[1.00957163e+05 4.68164214e+04 5.75934581e+04 7.00963846e+04]
 [1.29380374e+05 1.44125160e+05 1.36208130e+05 1.59386699e+05]
 [8.33723697e+04 3.70173411e+04 7.10879373e+04 8.17522897e+04]
 ...
 [2.57222023e+02 1.54118733e+02 5.33373906e+03 1.91432577e+02]
 [2.50362966e+02 1.54048961e+02 1.35533990e+04 3.83953199e+02]
 [2.50359524e+02 1.53962179e+02 2.04584343e+04 4.50321427e+02]]

                mean       std    median      5.0%     95.0%     n_eff     r_hat
  alpha[0]      0.05      0.12      0.06     -0.10      0.21     94.93      1.03
  alpha[1]      0.02      0.11      0.01     -0.16      0.20    242.10      1.02
      p[0]      2.60      0.42      2.58      1.92      3.26    927.91      1.01
      p[1]      1.78      0.88      1.71      0.31      3.13   1678.95      1.00
       rho     -0.01      0.11     -0.01     -0.19      0.16    268.47      1.01
  sigma[0]      1.04      0.06      1.04      0.96      1.11    504.79      1.01
  sigma[1]      2.12      0.19      2.11      1.84      2.42   1070.42      1.01
      xi_0      0.47      1.00      0.43     -1.07      2.14   2346.83      1.00
       y_0     -0.04      1.06     -0.06     -1.77      1.64   1124.15      1.00

Runtime for ATESS 0 days 00:11:25.141187
Loading Google stock data...
Setting up Regime switching hidden Markov model...
Using 2 concatenated flows each w/ hidden layers=[9, 9, 9]
Running 4 chains of NUTS for 1000 iter w/ 1000 warmup (tuning) iter...

                mean       std    median      5.0%     95.0%     n_eff     r_hat
  alpha[0]      0.06      0.08      0.06     -0.07      0.20   6934.50      1.00
  alpha[1]      0.01      0.10      0.01     -0.16      0.17   5857.99      1.00
      p[0]      2.72      0.41      2.69      2.07      3.37   3695.16      1.00
      p[1]      1.84      0.88      1.76      0.42      3.19   4213.93      1.00
       rho     -0.02      0.10     -0.01     -0.18      0.15   4557.91      1.00
  sigma[0]      1.04      0.05      1.04      0.97      1.11   4908.43      1.00
  sigma[1]      2.16      0.18      2.15      1.87      2.44   4094.90      1.00
      xi_0      0.51      1.06      0.46     -1.19      2.18   4273.00      1.00
       y_0     -0.01      1.00     -0.01     -1.62      1.71   5185.59      1.00

Runtime for NUTS 0 days 00:00:23.301450
Running 4 chains of NeuTra for 1000 iter w/ 1000 precond iter and 1000 warmup (tuning) iter...
[7901585.50813773 7637236.18981791 7389571.57558016 7154836.72524624
 6945856.13889646 6756170.72050844 6580200.67930316 6414192.12285111
 6257754.25691612 6107619.00357766 5970692.41122364 5843081.9796352
 5726713.74702376 5613943.32148496 5507295.77245993 5411198.65256509
 5319333.68626727 5236363.25408526 5158204.07959515 5083780.57905714
 5011665.11927708 4941703.48765623 4878539.47331219 4815404.59462356
 4757988.19809305 4694839.39993841 4638211.00565621 4583557.81131089
 4527218.68041251 4481016.68369521 4430117.22014123 4380605.32764068
 4335452.02732131 4295135.93098708 4249689.92416142 4199312.9403181
 4151082.66730139 4107051.99539928 4068874.75117996 4028966.07609276
 3987517.83572398 3950811.90104565 3912144.35697145 3874822.68545839
 3840189.01358093 3804382.61850345 3766796.09165021 3726281.4826057
 3688877.32761473 3651049.57117521 3618039.25076564 3582569.36191318
 3545411.37400861 3509664.85837862 3475968.90064534 3441857.60515083
 3407753.57001693 3378868.50393422 3341381.08518446 3306346.50193946
 3269553.84014645 3230912.13158571 3194547.6084572  3159074.36373283
 3122240.84102054 3083452.28949216 3047249.10534916 3013716.94832784
 2977012.79319171 2942990.83452383 2909612.11414424 2876697.30279323
 2842370.85623767 2808926.82670829 2772240.15263888 2735986.13925541
 2700998.17401238 2667845.89573625 2629502.44028028 2593820.73339312
 2559166.37772602 2526052.87378427 2492887.76135138 2458039.53299746
 2422221.61704242 2382859.22414365 2347712.57635594 2312051.5595166
 2277752.71645141 2242419.67669986 2207031.86596954 2170101.65817597
 2130700.78750199 2097199.92857644 2064482.49706184 2028845.87843857
 1995180.39171553 1957614.49643504 1924597.48080163 1890886.63090263
 1854967.76105278 1819056.95873965 1783182.76332731 1749866.13508135
 1716097.31317088 1681741.70308494 1649109.25810887 1614387.17854533
 1583156.86058062 1553230.9479601  1523249.90501745 1491854.66032628
 1461971.54070575 1433330.23342387 1406491.26648533 1376517.6125862
 1346404.58333688 1316341.93592151 1287644.87236242 1260334.55297195
 1234295.99349614 1207580.34873783 1179805.31021659 1155365.98295377
 1129434.12148851 1104268.87494089 1080602.7032858  1056714.00539611
 1033869.72400693 1009821.24150338  986457.90759599  963868.62816622
  941503.16624687  919514.9322499   897950.8710359   876234.62299354
  856099.55697152  836522.47528836  816286.92201664  797286.36302276
  779627.06264299  760447.47252674  741772.6449729   724647.7501967
  707469.52402253  690155.05232081  673588.82677156  657514.2273167
  641939.01065845  626551.32427528  612069.59888752  597765.0967838
  584214.12785394  570780.48688449  557298.7413691   543288.3021371
  531778.99486326  519429.2997848   507532.17676885  495998.08079852
  484861.57294635  474349.35680347  463670.62960127  453286.88985689
  443314.45732793  433870.97732758  425020.7202692   415858.16120746
  406893.10786288  398785.60015106  390243.26809257  381901.28900335
  373737.48838652  365788.29357227  358104.07448977  350705.63415037
  343510.27069355  336466.799702    329606.74554536  322957.24257352
  316527.54139137  310316.48530344  304307.29768387  298475.28534823
  292801.60397552  287261.54747657  281841.09382999  276552.59464089
  271426.74897758  266507.595728    261811.12678754  257252.15422885
  252756.85600856  248361.33788747  244116.74643676  240032.79545927
  236082.60937594  232235.27328264  228478.54943203  224825.77816868
  221306.8380758   217941.85225723  214693.80323458  211448.35674399
  208177.64007278  204946.8855561   201807.19569319  198769.08111509
  195817.42255428  192944.28002532  190135.89643903  187376.32890678
  184665.93408442  182007.84364509  179410.13570529  176889.74731756
  174461.49179944  172135.00370911  169932.97875728  167889.5379996
  165911.23705145  163861.32584741  161768.20110539  159681.78729899
  157623.02353006  155603.24288593  153636.07705656  151741.09600075
  149937.98455885  148227.73838659  146582.79258967  144970.23711339
  143371.48985105  141781.42859029  140204.74590258  138651.1722758
  137131.02185106  135653.60673673  134227.0928998   132857.72483831
  131548.73424243  130301.16832854  129115.80764053  127990.4111894
  126912.26932185  125859.00806866  124812.99510609  123771.71983664
  122744.63236252  121745.4478837   120784.67632575  119862.63482722
  118969.95581703  118098.77348134  117250.55909254  116433.35968287
  115656.98065982  114930.88641801  114262.54853491  113653.38628479
  113093.55471346  112563.77038498  112048.60655992  111547.53728782
  111071.0114006   110626.65056378  110209.12597763  109804.74090898
  109400.90405138  108989.30708703  108566.62916267  108133.92601204
  107695.83296434  107259.96603436  106834.63664272  106424.88138037
  106030.09710925  105646.70047108  105273.18066099  104911.78662479
  104566.91219254  104243.17258697  103943.06678645  103663.31987422
  103393.11327202  103119.09396643  102833.3098001   102535.44898567
  102229.76405623  101921.81973265  101616.92888334  101319.71769797
  101034.09251717  100763.23917856  100509.51826807  100274.23302989
  100057.38673036   99857.76473753   99673.70457133   99504.41738607
   99351.11783103   99217.28338623   99107.78005509   99026.85179836
   98975.76220402   98951.74885738   98948.34625223   98955.29157686
   98959.68162614   98950.94923041   98925.04712239   98883.6157403
   98830.94879082   98771.90984207   98711.19013757   98653.43266719
   98603.6364711    98566.9391983    98547.07836321   98544.44192908
   98556.26160141   98579.3899524    98611.70166603   98649.83088047
   98687.35214513   98717.13684153   98735.12930253   98741.61688565
   98740.21894216   98736.44145606   98736.56842482   98746.88306574
   98772.79056459   98817.12618789   98878.00197084   98948.81834983
   99022.04072323   99092.5346367    99156.09820068   99207.61396616
   99243.86499563   99266.00418766   99277.02472095   99277.98296899
   99267.14793794   99242.92338552   99208.57500044   99174.16734146
   99153.80879967   99160.60994653   99201.74896387   99275.28287716
   99370.55157487   99472.42502504   99566.7640628    99643.86489971
   99698.94344156   99731.47496022   99745.39541772   99750.14805202
   99761.29542745   99797.94000882   99870.94697526   99964.42945158
  100040.73164009  100075.39393147  100070.76273716  100040.09466442
   99993.75340735   99936.30308735   99868.96461409   99792.41664409
   99707.72883997   99616.40345008   99521.17704922   99426.72276288
   99338.57264955   99260.64148117   99192.84305152   99129.72026132
   99060.95875622   98975.29455482   98866.66676892   98736.91531651
   98592.39562004   98438.59806152   98277.59222146   98109.58960304
   97935.95534233   97760.38733698   97588.0195467    97423.96908684
   97272.17989046   97134.6710651    97011.3087008    96900.54549501
   96801.6826162    96718.39605262   96659.09747085   96622.01172881
   96572.94090217   96469.8182924    96306.65066852   96102.45470358
   95875.48294413   95636.20158088   95389.09496446   95135.1952451
   94873.95777023   94604.6246749    94327.14635102   94042.67421007
   93753.7259316    93464.14535684   93178.79790929   92902.59450299
   92638.30876124   92383.7064926    92130.784286     91869.52633817
   91593.28171447   91300.77355909   90994.5566281    90678.78269095
   90357.82676213   90035.77051086   89716.27825756   89402.3052823
   89095.09345622   88792.61341312   88489.19457443   88178.06307056
   87854.99393005   87519.58031502   87173.92446212   86820.91201264
   86463.25928712   86103.25838307   85742.85517954   85383.82110058
   85027.88660693   84676.72188964   84331.6479352    83993.08078671
   83660.05221403   83330.41490504   83001.8774683    82673.04173945
   82343.53446883   82013.38738094   81682.5425894    81350.98398707
   81019.22431475   80688.60152397   80361.16046095   80039.28663611
   79725.38811913   79421.90778295   79131.90669695   78860.14661686
   78613.26719669   78394.97863936   78194.40064097   77983.18076105
   77736.78836482   77451.66584578   77137.53955816   76805.23606582
   76462.35427336   76113.50936038   75761.4372176    75407.84109491
   75053.91477031   74700.66401443   74349.11895069   74000.46938528
   73656.08458179   73317.30320532   72984.87335075   72658.16455556
   72334.77674076   72011.27083816   71684.74576466   71353.97529502
   71019.39069873   70682.41993856   70344.95392541   70009.25761864
   69678.30070264   69356.34383998   69049.29099898   68763.41986032
   68500.62135257   68252.4773827    68002.64757654   67738.34316331
   67456.21699226   67158.81922051   66850.13325685   66533.73912395
   66212.44181168   65888.30725823   65562.7909077    65236.88505709
   64911.25387667   64586.34193349   64262.45550696   63939.82379724
   63618.65103829   63299.17418775   62981.74770077   62666.98956331
   62356.04002482   62050.98577329   61755.39849512   61474.48916136
   61213.40386766   60972.12089834   60740.42432773   60502.26021954
   60247.49637591   59976.10374677   59693.13215621   59403.70603652
   59111.35541198   58818.15444129   58525.23673086   58233.20305652
   57942.36918949   57652.90218855   57364.892346     57078.39071927
   56793.42882808   56510.02917836   56228.21101718   55947.99354586
   55669.39774101   55392.44741622   55117.16991402   54843.59670042
   54571.76406688   54301.71408595   54033.49589635   53767.16729718
   53502.79650169   53240.46373147   52980.26212179   52722.29716762
   52466.68370689   52213.53929765   51962.97295364   51715.06876964
   51469.86519527   51227.33262432   50987.35416016   50749.71593722
   50514.1129327    50280.17293411   50047.49579634   49815.69958356
   49584.46250578   49353.55124141   49122.8313131    48892.26094334
   48661.87371948   48431.75647653   48202.02766107   47972.81933987
   47744.26402764   47516.48614811   47289.5972621    47063.69401693
   46838.85787336   46615.15587824   46392.64197242   46171.35850838
   45951.33778668   45732.60351079   45515.17211463   45299.05394748
   45084.2543163    44870.77439177   44658.61198612   44447.76221187
   44238.21803055   44029.97070208   43823.01014672   43617.32523333
   43412.90400895   43209.73388514   43007.80179575   42807.09433878
   42607.59791196   42409.29884771   42212.18354941   42016.23862688
   41821.45102644   41627.808149     41435.29794941   41243.90901116
   41053.63059279   40864.45264455   40676.36579738   40489.361328
   40303.43110659   40118.56753379   39934.76347408   39752.01219138
   39570.30729116   39389.6426711    39210.01248059   39031.41108735
   38853.83304848   38677.27308293   38501.72604245   38327.18687903
   38153.65060824   37981.11226889   37809.56688082   37639.00940348
   37469.43469814   37300.83749662   37133.21237862   36966.55375901
   36800.85588516   36636.11284353   36472.31857379   36309.46688825
   36147.55149419   35986.56601691   35826.50402174   35667.35903374
   35509.12455488   35351.79407853   35195.36110214   35039.81913869
   34885.16172795   34731.38244808   34578.47492815   34426.43286141
   34275.25001907   34124.92026401   33975.43756358   33826.79600068
   33678.98978252   33532.01324637   33385.86086217   33240.52723208
   33096.0070871    32952.29528141   32809.38678502   32667.27667539
   32525.96012856   32385.43241054   32245.68886904   32106.72492599
   31968.53607071   31831.11785381   31694.46588144   31558.57581
   31423.44334077   31289.06421462   31155.43420663   31022.54912071
   30890.40478431   30758.99704357   30628.32175892   30498.37480162
   30369.15205117   30240.64939391   30112.86272262   29985.78793717
   29859.42094599   29733.75766812   29608.79403554   29484.52599564
   29360.94951345   29238.06057369   29115.85518233   28994.32936794
   28873.47918266   28753.30070302   28633.79003074   28514.94329353
   28396.75664593   28279.22627033   28162.34837792   28046.11920967
   27930.53503709   27815.59216272   27701.28692028   27587.61567437
   27474.57481981   27362.16078052   27250.37000828   27139.19898113
   27028.64420188   26918.70219659   26809.36951317   26700.64272016
   26592.51840568   26484.99317657   26378.06365749   26271.72649028
   26165.97833316   26060.81586      25956.23575955   25852.23473467
   25748.80950157   25645.95678913   25543.67333835   25441.95590187
   25340.80124373   25240.20613923   25140.16737494   25040.68174887
   24941.74607068   24843.35716191   24745.51185627   24648.20699987
   24551.4394514    24455.20608234   24359.50377704   24264.32943284
   24169.67996014   24075.5522825    23981.94333672   23888.85007291
   23796.26945463   23704.19845899   23612.6340767    23521.57331216
   23431.01318352   23340.95072262   23251.38297503   23162.30699988
   23073.71986983   22985.61867091   22898.00050235   22810.86247651
   22724.20171865   22638.0153669    22552.30057212   22467.05449781
   22382.27432009   22297.95722762   22214.10042161   22130.70111575
   22047.75653621   21965.26392162   21883.22052307   21801.62360403
   21720.47044041   21639.75832051   21559.48454507   21479.64642727
   21400.24129278   21321.26647983   21242.71933925   21164.59723458
   21086.89754212   21009.61765102   20932.75496332   20856.30689404
   20780.27087119   20704.64433583   20629.42474211   20554.60955727
   20480.1962617    20406.18234893   20332.56532571   20259.34271197
   20186.51204091   20114.07085901   20042.01672602   19970.347215
   19899.05991232   19828.15241766   19757.62234398   19687.46731756
   19617.68497794   19548.27297791   19479.22898355   19410.55067413
   19342.2357422    19274.28189351   19206.68684703   19139.44833495
   19072.56410268   19006.0319088    18939.84952509   18874.01473648
   18808.52534107   18743.37915008   18678.57398786   18614.10769184
   18549.97811254   18486.18311354   18422.72057146   18359.58837594
   18296.78442964   18234.30664819   18172.15296019   18110.32130715
   18048.8096435    17987.61593652   17926.73816634   17866.17432588
   17805.92242082   17745.98046956   17686.34650318   17627.01856541
   17567.99471257   17509.27301351   17450.85154963   17392.72841476
   17334.90171515   17277.36956942   17220.13010849   17163.18147556
   17106.52182601   17050.14932739   16994.06215935   16938.25851357
   16882.73659372   16827.4946154    16772.53080607   16717.84340503
   16663.43066331   16609.29084366   16555.42222046   16501.82307966
   16448.49171874   16395.42644664   16342.62558368   16290.08746152
   16237.81042309   16185.79282251   16134.03302507   16082.52940712
   16031.28035601   15980.28427008   15929.53955852   15879.04464135
   15828.79794935   15778.79792397   15729.0430173    15679.53169197
   15630.26242112   15581.23368827   15532.44398732   15483.89182245
   15435.57570807   15387.49416871   15339.64573901   15292.02896362
   15244.64239714   15197.48460404   15150.55415862   15103.84964492
   15057.36965666   15011.11279717   14965.07767933   14919.2629255
   14873.66716746   14828.28904632   14783.12721248   14738.18032555
   14693.44705431   14648.92607659   14604.61607928   14560.51575819
   14516.62381803   14472.93897234   14429.45994343   14386.18546229
   14343.11426855   14300.24511041   14257.57674459   14215.10793625
   14172.83745891   14130.76409446   14088.886633     14047.20387287
   14005.71462053   13964.41769051   13923.31190539   13882.39609567
   13841.66909977   13801.12976397   13760.77694228   13720.60949649
   13680.62629603   13640.82621794   13601.20814682   13561.77097476
   13522.5136013    13483.43493335   13444.53388518   13405.8093783
   13367.26034146   13328.88571059   13290.68442871   13252.65544592
   13214.79771932   13177.11021297   13139.59189783   13102.24175172
   13065.05875927   13028.04191186   12991.19020756   12954.50265111
   12917.97825385   12881.61603368   12845.41501499   12809.37422866
   12773.49271197   12737.76950855   12702.20366836   12666.79424766
   12631.5403089    12596.44092072   12561.49515792   12526.70210137
   12492.060838     12457.57046074   12423.23006848   12389.03876604
   12354.9956641    12321.0998792    12287.35053364   12253.7467555
   12220.28767855   12186.97244224   12153.80019165   12120.77007744
   12087.88125584   12055.13288856   12022.52414281   11990.05419123
   11957.72221183   11925.52738801   11893.46890847   11861.5459672
   11829.75776344   11798.10350163   11766.5823914    11735.1936475
   11703.9364898    11672.81014322   11641.81383773   11610.94680828
   11580.2082948    11549.59754215   11519.11380007   11488.75632319
   11458.52437094   11428.41720757   11398.4341021    11368.57432825
   11338.83716449   11309.22189391   11279.72780427   11250.35418794
   11221.10034184   11191.96556747   11162.94917081   11134.05046236
   11105.26875706   11076.60337426   11048.05363775   11019.61887566
   10991.29842045   10963.09160892   10934.99778213   10907.01628541
   10879.14646831   10851.38768459   10823.73929216   10796.20065309
   10768.77113357   10741.45010389   10714.23693838   10687.13101543
   10660.13171743   10633.23843077   10606.45054579   10579.76745677
   10553.18856191   10526.71326326   10500.34096678   10474.07108224
   10447.90302321   10421.83620707   10395.87005496   10370.00399173
   10344.23744599   10318.56985001   10293.00063974   10267.52925476]

                mean       std    median      5.0%     95.0%     n_eff     r_hat
  alpha[0]     -0.03      0.98     -0.03     -1.66      1.62   7432.16      1.00
  alpha[1]     -0.02      0.93     -0.05     -1.54      1.45   6164.18      1.00
      p[0]     -0.07      1.24     -0.18     -2.09      1.87   5118.36      1.00
      p[1]     -0.00      0.58     -0.00     -0.91      0.97   5519.00      1.00
       rho      0.23      0.51      0.26     -0.59      1.08   6372.13      1.00
  sigma[0]      0.05      1.08     -0.07     -1.71      1.70   4583.13      1.00
  sigma[1]      0.06      1.19     -0.00     -1.94      1.86   5077.75      1.00
      xi_0     -0.03      1.05     -0.02     -1.72      1.64   7043.04      1.00
       y_0     -0.03      1.00     -0.02     -1.69      1.56   6480.17      1.00


                mean       std    median      5.0%     95.0%     n_eff     r_hat
  alpha[0]      0.06      0.08      0.06     -0.08      0.19   7127.81      1.00
  alpha[1]      0.01      0.10      0.01     -0.15      0.17   7100.00      1.00
      p[0]      2.71      0.39      2.69      2.07      3.31   4972.15      1.00
      p[1]      1.83      0.89      1.73      0.37      3.19   4585.65      1.00
       rho     -0.02      0.10     -0.01     -0.18      0.16   6403.62      1.00
  sigma[0]      1.04      0.04      1.04      0.97      1.12   5218.54      1.00
  sigma[1]      2.16      0.18      2.14      1.85      2.43   5044.72      1.00
      xi_0      0.50      1.00      0.48     -1.18      2.04   6190.62      1.00
       y_0      0.00      1.01      0.01     -1.68      1.70   7431.64      1.00

Runtime for NeuTra 0 days 00:01:06.213814
Running 4 chains of ATESS for 1000 iter w/ 1000 precond iter, 5 warmup iter of 2000 each...
transforms: [('batch', {'batch_dims': (1,)})]
[[1.29873082e+05 6.64242840e+05 5.30228728e+04 1.66470059e+04]
 [6.84633001e+04 2.71275911e+05 3.59571614e+04 1.34366099e+04]
 [4.00317620e+04 1.33050033e+05 2.56898637e+04 1.12585976e+04]
 ...
 [4.44585577e+01 7.89633719e+01 2.41204900e+01 9.53914468e+00]
 [4.43409560e+01 7.97020843e+01 2.40665347e+01 9.51407320e+00]
 [4.42256874e+01 7.82893034e+01 2.40158875e+01 9.48912840e+00]]
transforms: [('batch', {'batch_dims': (0,)})]
[8.105  7.989  8.66   7.9675]
transforms: [('batch', {'batch_dims': (1,)})]
[[3.13657499e+05 1.42534989e+05 5.05260787e+05 1.25386121e+05]
 [2.87005097e+05 1.30659016e+05 4.54090194e+05 1.16760514e+05]
 [2.62503674e+05 1.20070931e+05 4.09070321e+05 1.08777269e+05]
 ...
 [4.46753636e+02 3.83168121e+02 5.90608211e+02 3.56581774e+02]
 [4.46267225e+02 3.82880630e+02 5.89863848e+02 3.56292722e+02]
 [4.45782118e+02 3.82592740e+02 5.89122104e+02 3.56005179e+02]]
transforms: [('batch', {'batch_dims': (0,)})]
[3.29   3.301  3.3885 2.619 ]
transforms: [('batch', {'batch_dims': (1,)})]
[[43883.72951299 65417.09018559 61199.02676832 26702.78632987]
 [40615.5439631  38095.04434239 36194.14880637 19268.3979422 ]
 [31848.4373927  33449.20045677 26094.39646175 16249.93043644]
 ...
 [ 3822.88468565   132.39753767   167.69517887   916.28810802]
 [ 4256.97470683   132.33439525   191.55331338   519.26769942]
 [ 3319.46611348   131.99329056   175.36847147  1429.39546151]]
transforms: [('batch', {'batch_dims': (0,)})]
[2.8665 3.1755 2.7585 2.538 ]
transforms: [('batch', {'batch_dims': (1,)})]
[[ 44695.54138652  99817.72442687 103691.04442688  20006.89060335]
 [ 42931.66736539  85005.12160573  81529.33700751  23856.47049329]
 [ 31704.0786028   73157.49559396  65944.12621956  10936.56207525]
 ...
 [   144.46326258    274.67253832    184.1880774     129.14774872]
 [   140.14507772    275.27239235    184.06629823    122.00328535]
 [   140.04672988    285.10279618    183.95084245    150.62127963]]
transforms: [('batch', {'batch_dims': (0,)})]
[2.5395 2.524  2.3845 2.607 ]
transforms: [('batch', {'batch_dims': (1,)})]
[[53488.77987006 31754.63200848 40487.77915352 37600.19944849]
 [21791.12645231 25966.64152083 41900.17751975 32909.81861903]
 [23963.05346183 19368.5790353  23919.94859507 20797.20238405]
 ...
 [ 2874.61040743  1231.90078237   143.32303903  3195.51610357]
 [ 3617.71999769   676.15959079   143.61622888  3974.46618803]
 [ 4515.17863052   163.69022629   143.92005797  3326.71476875]]
transforms: [('batch', {'batch_dims': (0,)})]
[2.414 2.782 2.739 2.343]
transforms: [('batch', {'batch_dims': (1,)})]
[[3.68357474e+04 5.12586911e+04 8.23084083e+06 1.48547698e+04]
 [4.22021476e+04 2.90617870e+04 6.15886422e+06 2.26421341e+04]
 [2.23956015e+04 3.38031106e+04 4.58405769e+06 8.13364142e+03]
 ...
 [1.59384172e+02 1.23918670e+03 1.88562137e+03 1.71832740e+02]
 [1.79579279e+02 1.70403099e+03 1.88296290e+03 1.54318870e+02]
 [2.27039896e+02 1.35518066e+03 1.88030906e+03 1.60759200e+02]]
