Loading predator-prey data...
    year   prey   pred    
75  1920  56.60   3.52 NaN
76  1921  69.63   9.94 NaN
77  1922  77.74  20.30 NaN
78  1923  80.53  31.99 NaN
79  1924  73.38  42.36 NaN
80  1925  36.93  49.08 NaN
81  1926   4.64  53.99 NaN
82  1927   2.54  52.25 NaN
83  1928   1.80  37.70 NaN
84  1929   2.39  19.14 NaN
85  1930   4.23   6.98 NaN
86  1931  19.52   8.31 NaN
87  1932  82.11  16.01 NaN
88  1933  89.76  24.82 NaN
89  1934  81.66  29.70 NaN
90  1935  15.76  35.40 NaN
Setting up predator-prey model...
Using 2 concatenated flows each w/ hidden layers=[8, 8]
[2.18969892 0.84274436 0.38961284 1.09101286]
[2.18969892 0.84274436 0.38961284 1.09101286]
Running 4 chains of NUTS for 1000 iter w/ 1000 warmup (tuning) iter...
[0.]
transforms: [('batch', {'batch_dims': (0,)})]
[[1.05125344 0.97682134 1.01193117 0.9159996 ]
 [0.90052202 1.01472643 0.96931681 0.98791975]
 [1.00478915 0.88234503 1.08977566 1.05595469]
 [1.03653656 1.0330308  1.03139426 0.95155629]]
